timestamp,open,high,low,close,volume
2019-06-06,161.85,161.85,161.85,161.85,10
2019-06-10,169.36,169.36,169.36,169.36,10
2019-06-11,177.56,177.56,177.56,177.56,10
2019-06-12,186.44,186.44,186.44,186.44,10
2019-06-16,195.32,198.73,195.32,198.73,20
2019-06-18,208.29,212.39,208.29,212.39,20
2019-06-19,222.63,222.63,222.63,222.63,10
2019-06-23,233.56,244.49,233.56,244.49,550
2019-06-24,256.1,268.39,256.1,268.39,90
2019-06-25,281.36,295.02,281.36,295.02,890
2019-06-26,309.36,315.51,289.56,296.39,21479
2019-06-27,293.66,299.12,293.66,297.75,6495
2019-06-30,297.75,302.53,288.19,295.02,7780
2019-07-01,289.56,296.39,289.56,290.92,2960
2019-07-02,288.19,298.44,288.19,296.39,2060
2019-07-03,296.39,325.07,290.92,314.14,5670
2019-07-04,314.14,320.29,307.32,316.88,3691
2019-07-07,310.73,314.14,304.58,307.32,1590
2019-07-08,307.32,308.68,300.49,303.9,1928
2019-07-09,303.9,309.36,292.97,299.12,830
2019-07-10,293.66,301.17,293.66,301.17,576
2019-07-11,298.44,303.9,298.44,303.9,2205
2019-07-14,303.9,307.32,295.02,300.49,790
2019-07-15,297.07,305.95,295.71,305.95,1450
2019-07-16,301.17,307.32,301.17,304.58,1300
2019-07-17,301.17,313.46,301.17,310.05,1380
2019-07-18,310.05,314.83,308.68,310.05,560
2019-07-21,308.68,317.56,308.68,317.56,1705
2019-07-22,314.14,324.39,314.14,323.71,2250
2019-07-23,320.97,337.36,320.29,336.68,1954
2019-07-24,338.05,367.41,338.05,367.41,3695
2019-07-25,360.58,367.41,349.66,353.75,6768
2019-07-28,351.71,359.9,331.9,355.8,5185
2019-07-29,361.95,368.78,346.92,363.31,7930
2019-07-30,368.78,389.27,361.95,378.34,7035
2019-07-31,382.44,415.9,367.41,415.9,9471
2019-08-01,423.41,456.88,400.88,432.29,12138
2019-08-04,440.49,446.63,418.63,418.63,6605
2019-08-05,418.63,426.83,394.05,397.46,7514
2019-08-06,389.95,389.95,362.63,378.34,2950
2019-08-07,371.51,410.44,366.05,403.61,3728
2019-08-08,402.92,402.92,389.27,394.73,2070
2019-08-11,394.73,408.39,382.44,387.22,1150
2019-08-12,379.7,399.51,379.7,397.46,1160
2019-08-13,396.1,404.29,391.31,396.78,2038
2019-08-14,396.1,399.51,391.31,396.1,1170
2019-08-15,388.58,392,385.17,385.17,965
2019-08-18,389.27,389.27,383.8,385.17,1300
2019-08-19,381.75,404.29,380.39,396.78,570
2019-08-20,399.51,401.56,383.8,388.58,1550
2019-08-21,381.07,389.27,358.53,367.41,4726
2019-08-22,361.95,368.78,354.44,359.9,2160
2019-08-25,359.9,361.95,351.02,353.75,1490
2019-08-26,359.22,360.58,351.71,351.71,1240
2019-08-27,351.71,372.19,349.66,364.68,1314
2019-08-28,371.51,371.51,355.12,359.22,520
2019-08-29,355.12,358.53,353.75,353.75,450
2019-09-01,355.12,355.12,348.29,351.02,390
2019-09-02,351.71,351.71,332.58,341.46,1051
2019-09-03,335.31,351.71,334.63,348.97,731
2019-09-04,351.71,358.53,343.51,358.53,1081
2019-09-05,359.22,361.27,348.97,349.66,1065
2019-09-08,355.8,355.8,343.51,343.51,1680
2019-09-09,345.56,352.39,338.73,342.83,910
2019-09-10,341.46,348.29,338.05,339.41,1590
2019-09-11,341.46,341.46,333.27,340.1,607
2019-09-12,333.95,336,329.17,333.95,390
2019-09-15,340.1,340.1,305.95,305.95,2645
2019-09-16,301.85,314.14,301.85,313.46,960
2019-09-17,314.14,329.85,308,329.85,1270
2019-09-18,329.85,342.83,322.34,342.83,847
2019-09-19,338.05,338.05,323.02,325.07,848
2019-09-22,318.92,320.97,312.78,320.97,380
2019-09-23,320.97,324.39,315.51,320.29,300
2019-09-24,314.83,324.39,314.83,324.39,344
2019-09-26,316.88,317.56,310.05,314.83,380
2019-09-29,309.36,316.88,309.36,315.51,130
2019-09-30,315.51,321.66,310.05,314.14,790
2019-10-01,322.34,322.34,313.46,314.14,160
2019-10-02,314.14,314.14,305.95,314.14,805
2019-10-03,311.41,318.24,311.41,314.14,1050
2019-10-10,309.36,310.05,309.36,310.05,20
2019-10-14,310.73,316.19,310.05,310.05,370
2019-10-15,307.32,311.41,307.32,310.05,60
2019-10-16,312.1,316.88,311.41,314.14,230
2019-10-17,314.14,314.14,311.41,314.14,100
2019-10-20,314.83,314.83,308.68,308.68,200
2019-10-21,310.05,310.73,303.9,305.27,600
2019-10-22,303.9,312.78,301.17,305.27,690
2019-10-23,305.27,310.73,303.9,309.36,220
2019-10-24,310.05,320.97,305.27,320.97,80
2019-10-31,320.97,327.12,310.73,314.83,906
2019-11-03,314.14,320.29,311.41,320.29,689
2019-11-04,314.14,319.61,309.36,319.61,540
2019-11-05,319.61,324.39,308,314.14,310
2019-11-06,308,314.14,308,310.05,695
2019-11-07,309.36,309.36,305.27,308,290
2019-11-10,303.9,308,303.9,307.32,400
2019-11-11,310.73,327.8,307.32,322.34,2151
2019-11-12,323.02,333.95,307.32,327.8,1794
2019-11-13,321.66,327.8,315.51,322.34,310
2019-11-17,331.22,355.12,331.22,348.29,4803
2019-11-18,344.88,348.29,338.05,338.73,1290
2019-11-19,335.31,341.46,334.63,336,790
2019-11-20,336.68,341.46,336.68,341.46,310
2019-11-21,341.46,341.46,318.24,334.63,1252
2019-11-24,329.17,334.63,318.92,328.49,265
2019-11-25,333.95,340.78,324.39,334.63,853
2019-11-26,334.63,349.66,331.9,332.58,810
2019-11-27,332.58,342.14,332.58,335.31,180
2019-11-28,336,337.36,334.63,335.31,1160
2019-12-01,330.53,336.68,330.53,334.63,180
2019-12-02,340.78,343.51,334.63,343.51,562
2019-12-03,342.14,344.88,336.68,338.05,3171
2019-12-04,343.44,355.86,343.44,350.75,799
2019-12-05,357.33,374.86,355.13,374.86,695
2019-12-08,373.4,387.29,366.09,387.29,2086
2019-12-09,387.29,399.71,387.29,393.86,660
2019-12-10,401.17,409.21,383.63,392.4,2468
2019-12-11,394.59,431.13,394.59,431.13,7080
2019-12-12,438.44,453.05,422.36,441.36,7535
2019-12-15,438.44,438.44,413.59,415.78,962
2019-12-16,421.63,443.55,404.09,431.13,1760
2019-12-17,436.24,436.24,407.75,418.71,1202
2019-12-18,418.71,418.71,412.86,412.86,640
2019-12-19,410.67,427.48,410.67,420.17,1263
2019-12-22,413.59,420.17,413.59,420.17,1010
2019-12-23,428.21,428.21,413.59,420.9,1090
2019-12-24,413.59,420.17,405.55,405.55,2229
2019-12-25,401.17,416.51,401.17,407.01,320
2019-12-26,407.01,417.98,401.9,417.25,700
2019-12-29,409.21,413.59,406.28,411.4,370
2019-12-30,413.59,413.59,407.01,409.21,210
2019-12-31,408.48,416.51,407.75,411.4,2590
2020-01-01,405.55,423.82,405.55,423.09,2019
2020-01-02,423.82,431.86,416.51,417.25,1714
2020-01-05,420.17,436.24,420.17,433.32,2893
2020-01-06,440.63,446.47,428.94,446.47,5391
2020-01-07,455.24,463.28,438.44,445.74,6240
2020-01-08,454.51,469.13,442.82,464.01,4830
2020-01-09,455.24,502.74,453.05,500.55,16415
2020-01-12,505.66,531.97,476.43,525.39,8515
2020-01-13,535.62,545.85,495.43,495.43,4880
2020-01-14,503.47,524.66,494.7,503.47,5793
2020-01-15,496.89,523.93,493.97,504.93,4340
2020-01-16,504.2,536.35,499.82,526.85,5731
2020-01-19,537.08,579.47,522.47,576.54,8145
2020-01-20,565.58,565.58,527.58,529.78,3738
2020-01-21,559.01,588.24,543.66,574.35,8385
2020-01-22,574.35,584.58,541.47,569.97,3253
2020-01-23,559.74,567.77,548.78,559.01,2174
2020-01-26,569.97,569.97,535.62,535.62,1810
2020-01-27,540.74,572.89,540.74,564.85,1429
2020-01-28,575.81,582.39,564.85,579.47,6357
2020-01-29,583.85,620.39,573.62,620.39,4170
2020-01-30,621.12,637.92,597,637.19,6625
2020-02-02,649.62,649.62,618.93,619.66,4862
2020-02-03,631.35,635.73,607.96,612.35,3407
2020-02-04,602.85,623.31,602.85,602.85,3580
2020-02-05,602.85,638.66,596.27,621.12,1422
2020-02-06,621.12,628.43,602.85,608.7,4152
2020-02-09,607.96,617.46,602.85,602.85,1090
2020-02-10,614.54,617.46,591.89,617.46,2872
2020-02-11,613.81,635.73,613.81,621.85,2930
2020-02-12,633.54,664.23,619.66,654.73,8872
2020-02-13,667.15,719.77,667.15,719.77,8502
2020-02-16,716.11,747.53,670.08,746.8,4200
2020-02-17,732.19,735.11,707.34,726.34,6075
2020-02-18,712.46,727.07,689.08,713.19,4601
2020-02-19,716.11,756.3,679.58,736.57,4004
2020-02-23,754.84,774.57,713.92,767.26,5545
2020-02-25,738.03,770.92,727.07,767.26,1040
2020-02-26,781.88,781.88,752.65,761.42,3314
2020-02-27,746.8,749,734.38,738.77,1885
2020-03-02,702.23,702.23,672.27,673,2040
2020-03-04,644.5,644.5,580.2,581.66,1650
2020-03-05,570.7,618.2,559.74,617.46,1640
2020-03-10,605.77,605.77,582.39,582.39,60
2020-03-11,593.35,618.93,572.89,618.93,1775
2020-03-12,621.12,626.96,597,607.96,2019
2020-03-15,599.2,599.2,562.66,562.66,2724
2020-03-16,551.7,584.58,551.7,584.58,1235
2020-03-17,572.89,572.89,540.74,562.66,1469
2020-03-18,551.7,562.66,531.97,544.39,1480
2020-03-19,534.16,561.2,524.66,561.2,380
2020-03-22,551.7,551.7,550.24,550.24,120
2020-06-29,550.24,550.24,550.24,538.55,110
2020-07-01,548.78,548.78,548.78,548.78,10
2020-07-05,546.58,546.58,532.7,533.43,424
2020-07-06,532.7,553.89,513.7,553.89,770
2020-07-07,548.05,580.93,548.05,559.01,445
2020-07-08,559.01,577.27,551.7,568.51,466
2020-07-09,559.01,569.97,555.35,566.31,240
2020-07-12,566.31,622.58,566.31,622.58,1388
2020-07-13,621.12,630.62,610.16,610.16,500
2020-07-14,599.2,648.15,587.5,642.31,2038
2020-07-15,641.58,646.69,621.12,621.12,615
2020-07-16,613.81,624.77,603.58,624.04,684
2020-07-20,624.77,648.89,604.31,616,1012
2020-07-21,604.31,616.73,591.89,597,1095
2020-07-22,585.31,591.16,577.27,591.16,774
2020-07-23,584.58,603.58,572.89,603.58,1300
2020-07-26,594.08,615.27,594.08,615.27,745
2020-07-27,603.58,612.35,588.97,606.5,966
2020-07-28,599.2,602.85,594.08,598.47,521
2020-07-29,595.54,607.96,572.16,577.27,2273
2020-07-30,569.97,599.2,568.51,595.54,1303
2020-08-02,583.85,583.85,562.66,567.04,1284
2020-08-03,564.85,591.89,560.47,591.89,1323
2020-08-05,580.2,580.2,562.66,564.12,685
2020-08-06,556.81,588.97,556.08,588.97,540
2020-08-09,584.58,584.58,566.31,566.31,423
2020-08-10,567.77,586.77,559.01,579.47,707
2020-08-11,568.51,588.24,568.51,578.01,2627
2020-08-12,567.77,573.62,557.54,568.51,384
2020-08-13,558.28,567.77,553.16,563.39,695
2020-08-16,553.16,561.93,542.93,547.31,584
2020-08-17,537.82,555.35,537.82,545.85,488
2020-08-18,540.74,555.35,539.28,555.35,378
2020-08-19,555.35,555.35,542.2,551.7,357
2020-08-20,540.74,544.39,540.74,544.39,90
2020-08-23,548.05,555.35,544.39,549.51,200
2020-08-24,558.28,587.5,558.28,577.27,1644
2020-08-25,577.27,603.58,566.31,603.58,2005
2020-08-26,591.89,621.85,590.43,602.85,1283
2020-08-27,591.89,614.54,580.93,601.39,683
2020-08-31,588.24,599.2,578.74,583.85,1228
2020-09-02,584.58,599.2,584.58,590.43,643
2020-09-03,584.58,606.5,579.47,599.2,1804
2020-09-06,610.89,610.89,583.85,588.24,1345
2020-09-07,584.58,584.58,572.89,582.39,1720
2020-09-08,572.16,599.2,572.16,591.89,874
2020-09-09,621.12,621.12,587.5,605.77,4141
2020-09-10,605.77,625.5,605.77,623.31,1863
2020-09-13,616,627.69,612.35,623.31,1414
2020-09-14,612.35,613.81,604.31,606.5,953
2020-09-15,594.81,613.81,586.77,612.35,2640
2020-09-16,602.85,606.5,595.54,606.5,921
2020-09-17,606.5,612.35,601.39,612.35,620
2020-09-20,600.66,612.35,600.66,606.5,537
2020-09-21,599.93,606.5,599.2,602.12,769
2020-09-22,591.16,607.23,591.16,602.85,2093
2020-09-23,613.81,613.81,591.16,595.54,1077
2020-09-24,595.54,621.12,591.16,621.12,2217
2020-09-27,608.7,608.7,595.54,595.54,1101
2020-09-28,591.89,599.93,589.7,599.93,399
2020-09-29,588.24,599.93,588.24,599.93,513
2020-09-30,588.97,600.66,588.97,593.35,550
2020-10-01,588.24,613.81,588.24,611.62,1065
2020-10-04,606.5,606.5,594.08,599.2,493
2020-10-05,599.2,602.85,588.97,592.62,422
2020-10-06,599.2,602.85,588.97,591.16,850
2020-10-07,588.97,599.2,588.97,592.62,876
2020-10-08,588.24,600.66,588.24,600.66,401
2020-10-11,592.62,602.85,589.7,602.85,427
2020-10-12,595.54,602.85,588.24,602.85,415
2020-10-13,593.35,595.54,582.39,595.54,1136
2020-10-14,588.24,610.89,587.5,610.89,2426
2020-10-15,640.85,640.85,593.35,605.77,688
2020-10-18,594.08,610.89,588.24,610.89,313
2020-10-19,610.16,610.16,594.08,599.2,121
2020-10-20,588.24,605.77,588.24,605.77,170
2020-10-21,595.54,606.5,595.54,601.39,110
2020-10-22,599.2,602.85,599.2,599.93,324
2020-10-28,600.66,606.5,599.93,606.5,290
2020-10-29,602.12,606.5,596.27,606.5,799
2020-11-01,599.93,613.81,591.89,610.16,1554
2020-11-02,609.43,624.77,599.93,624.04,1574
2020-11-03,621.12,648.15,615.27,627.69,2193
2020-11-04,621.12,628.43,615.27,623.31,1127
2020-11-05,635.73,635.73,617.46,627.69,1108
2020-11-08,618.2,627.69,618.2,627.69,1521
2020-11-09,626.23,651.81,626.23,647.42,2915
2020-11-10,649.62,650.35,637.19,649.62,2454
2020-11-11,637.19,643.04,632.81,643.04,696
2020-11-12,675.19,675.19,605.77,609.43,4407
2020-11-18,606.5,621.12,599.2,617.46,387
2020-11-19,617.46,621.12,603.58,621.12,913
2020-11-22,610.16,633.54,608.7,619.66,2305
2020-11-23,613.81,617.46,599.2,617.46,783
2020-11-24,605.77,613.08,605.77,606.5,884
2020-11-25,617.46,622.58,603.58,620.39,2252
2020-11-26,620.39,628.43,609.43,613.81,2422
2020-11-29,613.81,625.5,611.62,624.04,860
2020-11-30,615.27,624.77,613.81,623.31,915
2020-12-01,621.12,635,621.12,628.43,1214
2020-12-02,621.85,689.08,621.85,689.08,6669
2020-12-03,701.5,701.5,663.5,681.77,2929
2020-12-06,668.62,668.62,624.04,625.5,1725
2020-12-07,617.46,659.85,616,659.85,2855
2020-12-08,664.96,664.96,632.08,634.27,1015
2020-12-09,628.43,631.35,618.93,618.93,1234
2020-12-10,610.16,623.31,610.16,621.12,595
2020-12-13,618.93,645.96,616,645.96,780
2020-12-14,645.96,688.34,645.96,686.88,8723
2020-12-15,686.88,701.5,670.81,701.5,5777
2020-12-16,690.54,743.15,680.31,723.42,5511
2020-12-17,736.57,755.57,701.5,738.03,4261
2020-12-20,723.42,723.42,675.92,714.65,4758
2020-12-21,708.81,722.69,660.58,717.57,3859
2020-12-22,730,736.57,702.23,735.84,7226
2020-12-23,721.23,726.34,708.07,726.34,1407
2020-12-24,712.46,716.11,699.31,713.92,3250
2020-12-27,700.77,704.42,700.04,700.04,350
2020-12-28,691.27,713.92,691.27,698.58,760
2020-12-29,685.42,712.46,685.42,699.31,1765
2020-12-30,686.88,708.81,686.88,708.07,957
2020-12-31,694.92,711.73,694.92,700.77,1902
2021-01-03,714.65,737.3,701.5,723.42,891
2021-01-04,737.3,767.26,724.88,748.26,5115
2021-01-05,759.96,822.8,749,812.57,7001
2021-01-06,797.22,849.84,797.22,842.53,2002
2021-01-07,847.64,868.83,847.64,854.95,12890
2021-01-10,855.68,876.87,833.76,854.95,5483
2021-01-11,861.53,862.26,843.26,847.64,5182
2021-01-12,830.84,866.64,830.84,866.64,3010
2021-01-13,860.07,952.87,860.07,949.21,6614
2021-01-17,957.25,967.48,931.68,942.64,11007
2021-01-18,928.75,1036.9,928.75,1016.44,6081
2021-01-19,1030.33,1033.98,993.79,998.9,4960
2021-01-20,993.79,1063.94,980.64,1063.21,2302
2021-01-21,1084.4,1088.78,1026.67,1085.86,3779
2021-01-24,1096.09,1140.66,1071.25,1132.63,5326
2021-01-25,1136.28,1176.47,1136.28,1169.16,9724
2021-01-26,1169.16,1191.09,1147.24,1160.39,5210
2021-01-27,1147.24,1169.16,1128.97,1165.51,2565
2021-01-28,1165.51,1199.85,1155.28,1183.78,3537
2021-01-31,1242.97,1260.5,1169.16,1173.55,5276
2021-02-01,1183.78,1230.54,1161.86,1161.86,7470
2021-02-02,1184.51,1203.51,1178.66,1183.78,2300
2021-02-03,1242.97,1242.97,1165.51,1183.78,5468
2021-02-04,1207.16,1231.28,1196.2,1205.7,9911
2021-02-07,1265.62,1326.27,1265.62,1326.27,13849
2021-02-08,1392.04,1458.53,1326.27,1362.08,9161
2021-02-09,1362.08,1362.81,1282.43,1322.62,2764
2021-02-10,1308.73,1337.23,1294.12,1294.12,2737
2021-02-11,1308,1308,1261.97,1262.7,4693
2021-02-14,1239.31,1239.31,1195.47,1211.55,2244
2021-02-15,1234.93,1332.12,1234.93,1332.12,4854
2021-02-16,1358.42,1358.42,1264.16,1329.19,3246
2021-02-17,1329.92,1331.38,1286.08,1295.58,3603
2021-02-18,1297.77,1323.35,1297.04,1318.96,3776
2021-02-21,1319.69,1333.58,1297.04,1297.77,5828
2021-02-22,1322.62,1322.62,1289.73,1300.69,2719
2021-02-23,1275.85,1313.85,1253.93,1306.54,4152
2021-02-24,1329.92,1403,1291.19,1308,2500
2021-02-25,1310.19,1322.62,1293.39,1295.58,7143
2021-02-28,1316.81,1316.81,1183.19,1205.04,2324
2021-03-01,1185.71,1222.69,1182.35,1222.69,2432
2021-03-02,1201.68,1210.08,1178.15,1193.28,1884
2021-03-03,1170.59,1175.63,1145.38,1145.38,2225
2021-03-04,1145.38,1223.53,1145.38,1205.88,5017
2021-03-08,1182.35,1197.48,1168.07,1170.59,270
2021-03-09,1171.43,1171.43,1151.26,1156.3,557
2021-03-10,1147.06,1163.87,1145.38,1147.06,348
2021-03-14,1142.86,1147.06,1126.05,1126.05,890
2021-03-15,1108.4,1130.25,1108.4,1113.45,1194
2021-03-16,1105.04,1126.05,1096.64,1104.2,1707
2021-03-17,1098.32,1136.13,1098.32,1117.65,295
2021-03-18,1115.97,1176.47,1115.97,1162.18,2964
2021-03-21,1136.13,1277.31,1136.13,1260.5,2851
2021-03-22,1260.5,1268.91,1218.49,1235.29,4090
2021-03-23,1235.29,1293.28,1218.49,1285.71,2937
2021-03-24,1260.5,1326.89,1235.29,1321.85,2478
2021-03-25,1310.92,1336.97,1310.92,1321.85,4126
2021-03-29,1321.85,1323.53,1302.52,1323.53,2888
2021-03-30,1349.58,1386.55,1304.2,1385.71,5362
2021-03-31,1394.96,1394.96,1373.95,1375.63,2689
2021-04-01,1348.74,1394.12,1348.74,1368.07,1480
2021-04-04,1345.38,1345.38,1333.61,1342.02,1283
2021-04-05,1316.81,1353.78,1316.81,1343.7,1451
2021-04-06,1336.13,1369.75,1319.33,1331.93,1290
2021-04-07,1327.73,1392.44,1327.73,1352.94,1617
2021-04-08,1379.83,1432.77,1353.78,1432.77,11086
2021-04-12,1457.14,1503.36,1445.38,1495.8,6017
2021-04-13,1480.67,1504.2,1448.74,1491.6,9729
2021-04-15,1462.18,1500,1433.61,1487.39,2760
2021-04-18,1457.98,1470.59,1445.38,1470.59,5583
2021-04-19,1449.58,1464.71,1437.82,1453.78,1655
2021-04-20,1432.77,1466.39,1425.21,1449.58,3701
2021-04-21,1436.97,1465.55,1428.57,1449.58,2194
2021-04-22,1421.01,1469.75,1405.04,1457.98,2468
2021-04-25,1429.41,1429.41,1405.88,1411.76,1029
2021-04-26,1387.39,1453.78,1362.18,1389.08,4942
2021-04-27,1373.95,1459.66,1373.95,1445.38,1799
2021-04-28,1428.57,1445.38,1395.8,1400,860
2021-04-29,1373.95,1469.75,1373.95,1396.64,813
2021-05-02,1466.39,1466.39,1404.2,1427.73,2245
2021-05-03,1403.36,1428.57,1403.36,1423.53,1910
2021-05-04,1420.17,1457.14,1411.76,1452.94,5274
2021-05-05,1432.77,1510.92,1428.57,1432.77,7553
2021-05-06,1432.77,1461.34,1428.57,1428.57,4812
2021-05-09,1403.36,1444.54,1403.36,1410.92,2152
2021-05-10,1415.97,1428.57,1399.16,1401.68,1453
2021-05-11,1428.57,1445.38,1411.76,1413.45,1928
2021-05-12,1428.57,1445.38,1401.68,1428.57,3054
2021-05-13,1415.97,1445.38,1415.97,1441.18,3546
2021-05-16,1441.18,1447.9,1424.37,1441.18,3983
2021-05-17,1469.75,1469.75,1428.57,1441.18,2632
2021-05-18,1426.89,1500,1426.05,1473.11,10255
2021-05-19,1478.99,1580.67,1475.63,1491.6,11740
2021-05-20,1474.79,1575.63,1470.59,1543.7,11823
2021-05-23,1516.81,1550.42,1512.61,1527.73,5898
2021-05-24,1553.78,1554.62,1517.65,1521.85,4429
2021-05-25,1500,1542.02,1500,1512.61,1424
2021-05-27,1436.97,1473.95,1380.67,1445.38,9627
2021-05-30,1445.38,1449.58,1409.24,1409.24,4352
2021-05-31,1401.68,1411.76,1388.24,1399.16,5099
2021-06-01,1426.89,1426.89,1392.44,1420.17,1692
2021-06-02,1420.17,1411.76,1395.8,1408.4,1461
2021-06-03,1432.77,1466.39,1420.17,1420.17,4294
2021-06-06,1420.17,1450.42,1387.39,1450.42,7857
2021-06-07,1386.55,1449.58,1386.55,1417.65,2743
2021-06-08,1390.76,1419.33,1390.76,1405.88,1829
2021-06-09,1404.2,1406.72,1394.96,1394.96,2697
2021-06-10,1394.96,1411.76,1386.55,1390.76,1300
2021-06-13,1390.76,1403.36,1385.71,1396.64,3948
2021-06-14,1396.64,1396.64,1344.54,1344.54,7555
2021-06-15,1369.75,1402.52,1343.7,1343.7,3612
2021-06-16,1328.57,1445.38,1328.57,1386.55,4154
2021-06-17,1414.29,1414.29,1352.94,1376.47,4866
2021-06-20,1373.95,1373.95,1337.82,1345.38,3084
2021-06-21,1321.01,1344.54,1321.01,1338.66,2211
2021-06-22,1344.54,1398.32,1290.76,1344.54,4032
2021-06-23,1317.65,1343.7,1317.65,1321.01,1204
2021-06-24,1317.65,1320.17,1294.96,1319.33,679
2021-06-27,1327.73,1406.72,1281.51,1378.15,1959
2021-06-28,1352.94,1426.89,1352.94,1399.16,4697
2021-06-29,1426.89,1454.62,1390.76,1415.97,4395
2021-06-30,1388.24,1388.24,1344.54,1369.75,989
2021-07-01,1396.64,1396.64,1358.82,1393.28,1781
2021-07-04,1365.55,1407.56,1361.34,1368.07,1206
2021-07-05,1344.54,1373.95,1344.54,1348.74,318
2021-07-06,1352.94,1375.63,1348.74,1352.94,844
2021-07-07,1344.54,1378.15,1344.54,1353.78,1280
2021-07-08,1336.97,1390.76,1336.97,1390.76,738
2021-07-11,1390.76,1428.57,1390.76,1427.73,2475
2021-07-12,1411.76,1412.61,1387.39,1387.39,2722
2021-07-13,1411.76,1411.76,1378.99,1378.99,1660
2021-07-14,1378.99,1414.29,1361.34,1386.55,453
2021-07-15,1386.55,1525.21,1386.55,1495.8,12839
2021-07-18,1495.8,1628.57,1495.8,1594.12,9273
2021-07-19,1625.97,1657.14,1558.82,1567.23,10248
2021-07-20,1546.22,1598.32,1536.13,1554.62,3346
2021-07-22,1554.62,1584.03,1524.37,1542.02,2123
2021-07-25,1511.85,1567.23,1511.85,1545.38,1964
2021-07-26,1536.13,1596.64,1536.13,1546.22,3912
2021-07-27,1525.21,1525.21,1492.44,1494.96,4148
2021-07-28,1494.96,1571.43,1488.24,1509.24,814
2021-07-29,1521.01,1521.01,1487.39,1487.39,1729
2021-08-01,1487.39,1500,1470.59,1472.52,1015
2021-08-02,1501.68,1531.68,1487.39,1508.4,3374
2021-08-03,1538.57,1595.04,1516.81,1553.78,8408
2021-08-04,1584.79,1616.47,1512.61,1521.01,2164
2021-08-05,1490.59,1520.34,1490.59,1498.49,1651
2021-08-08,1495.8,1495.8,1457.98,1470.59,1075
2021-08-09,1447.06,1466.39,1447.06,1457.98,960
2021-08-10,1437.82,1489.08,1437.82,1470.59,1346
2021-08-11,1470.59,1470.67,1446.22,1453.78,1860
2021-08-12,1453.78,1478.99,1436.97,1447.9,1514
2021-08-15,1449.58,1531.09,1437.82,1495.8,3250
2021-08-16,1521.01,1525.21,1468.07,1483.28,2320
2021-08-17,1462.27,1470.59,1459.66,1462.18,1531
2021-08-18,1434.45,1470.59,1434.45,1465.55,2196
2021-08-19,1436.3,1542.02,1436.3,1487.39,5937
2021-08-24,1504.2,1529.41,1484.03,1491.6,1986
2021-08-25,1471.43,1487.39,1462.18,1462.27,2425
2021-08-26,1463.03,1463.03,1428.57,1445.38,4713
2021-08-29,1429.41,1436.97,1408.4,1408.57,5058
2021-08-31,1386.55,1391.6,1363.03,1378.15,1230
2021-09-01,1386.55,1399.16,1344.54,1345.38,4372
2021-09-02,1346.22,1394.96,1345.38,1352.94,1422
2021-09-05,1379.83,1386.55,1319.33,1350.08,3213
2021-09-06,1323.11,1396.64,1323.11,1396.64,1207
2021-09-07,1386.55,1436.97,1371.43,1372.27,1149
2021-09-08,1373.95,1399.16,1361.34,1362.18,1238
2021-09-09,1346.64,1388.24,1345.38,1367.98,856
2021-09-12,1346.64,1388.24,1346.64,1388.15,1640
2021-09-13,1362.18,1389.41,1361.43,1382.35,879
2021-09-14,1382.35,1382.35,1355.46,1355.46,436
2021-09-15,1378.15,1382.35,1328.57,1339.5,1548
2021-09-16,1312.77,1313.45,1282.44,1285.71,1309
2021-09-20,1265.55,1294.12,1238.66,1238.66,821
2021-09-21,1238.66,1271.43,1215.13,1271.43,508
2021-09-22,1294.12,1344.54,1289.92,1294.12,1370
2021-09-23,1281.51,1307.14,1268.91,1269.83,1057
2021-09-26,1260.5,1268.91,1235.29,1235.29,389
2021-09-27,1211.76,1211.76,1188.24,1188.32,535
2021-09-28,1210.08,1210.08,1147.9,1189.08,1347
2021-09-29,1176.47,1210.08,1165.55,1210.08,741
2021-09-30,1233.61,1235.29,1218.49,1218.49,406
2021-10-03,1218.49,1218.49,1171.43,1171.43,500
2021-10-04,1180.67,1208.57,1163.87,1184.87,286
2021-10-05,1208.4,1260.5,1208.4,1256.3,509
2021-10-06,1277.31,1377.31,1277.31,1336.22,1372
2021-10-10,1360.5,1362.18,1285.71,1285.8,604
2021-10-11,1261.34,1286.55,1236.13,1286.55,876
2021-10-17,1286.55,1286.55,1268.91,1273.11,128
2021-10-18,1248.74,1249.58,1206.72,1223.87,1102
2021-10-19,1206.81,1206.81,1186.64,1186.64,326
2021-10-20,1210.34,1226.89,1162.94,1186.13,1245
2021-10-21,1176.47,1210.08,1163.87,1210.08,402
2021-10-24,1189.92,1233.61,1189.92,1233.61,135
2021-10-25,1247.9,1268.91,1244.54,1260.5,623
2021-10-26,1268.91,1336.89,1268.91,1277.31,1407
2021-10-27,1294.12,1302.52,1268.99,1269.75,341
2021-10-28,1295.13,1396.13,1295.13,1365.55,8001
2021-10-31,1386.47,1414.29,1371.43,1396.64,2184
2021-11-01,1368.74,1371.43,1340.34,1345.38,2601
2021-11-02,1352.94,1361.34,1334.45,1352.1,670
2021-11-03,1379.08,1379.08,1331.93,1351.26,945
2021-11-08,1327.73,1352.94,1317.65,1317.65,659
2021-11-09,1317.65,1317.65,1267.23,1269.75,624
2021-11-11,1273.11,1285.71,1197.48,1285.71,2026
2021-11-14,1260.5,1300.84,1237.82,1300.84,378
2021-11-15,1322.69,1322.69,1277.31,1298.32,765
2021-11-16,1298.32,1317.65,1294.96,1310.92,165
2021-11-17,1285.71,1295.8,1281.51,1281.51,218
2021-11-18,1261.34,1264.71,1255.88,1260.5,608
2021-11-21,1285.71,1285.71,1260.5,1260.5,669
2021-11-22,1260.5,1264.71,1243.7,1246.22,972
2021-11-23,1228.57,1328.57,1228.57,1277.31,2646
2021-11-24,1268.91,1294.12,1252.1,1294.12,274
2021-11-25,1294.12,1294.12,1245.38,1275.63,222
2021-11-28,1251.68,1251.68,1235.29,1250.42,367
2021-11-29,1250.42,1250.42,1201.68,1201.93,1477
2021-11-30,1187.56,1235.29,1187.56,1235.29,220
2021-12-01,1211.01,1235.29,1211.01,1218.49,106
2021-12-02,1194.12,1217.98,1194.12,1210.08,373
2021-12-05,1189.08,1209.24,1168.07,1168.91,720
2021-12-06,1168.07,1223.53,1147.9,1209.24,539
2021-12-07,1201.68,1210.08,1186.55,1210.08,190
2021-12-08,1210.08,1210.08,1168.07,1172.27,341
2021-12-09,1149.58,1195.38,1134.45,1195.38,913
2021-12-12,1173.11,1173.11,1128.57,1128.57,961
2021-12-13,1106.72,1106.72,1083.95,1092.44,328
2021-12-14,1109.24,1151.26,1105.04,1151.26,667
2021-12-15,1140.34,1200,1140.34,1181.51,1873
2021-12-16,1157.98,1201.68,1157.98,1168.66,1389
2021-12-20,1176.47,1176.47,1156.3,1163.87,510
2021-12-21,1172.27,1194.96,1172.27,1174.79,1593
2021-12-22,1198.2,1198.2,1160,1176.1,755
2021-12-23,1160,1222,1160,1209,412
2021-12-26,1233,1233.1,1217,1217,148
2021-12-27,1192.7,1241,1191,1195,714
2021-12-28,1172,1189,1166,1180,244
2021-12-29,1180,1200,1180,1180,672
2022-01-02,1190,1245,1190,1225,1048
2022-01-03,1245,1288,1220,1260,1338
2022-01-04,1235,1289,1235,1289,278
2022-01-05,1263.3,1267,1242,1243,1320
2022-01-06,1242,1260,1242,1260,384
2022-01-09,1284,1295,1270,1280,759
2022-01-10,1285,1285,1255,1255,611
2022-01-11,1278,1328,1278,1304.3,492
2022-01-12,1330,1355,1300,1300,1378
2022-01-13,1326,1387,1315,1387,2220
2022-01-16,1387,1415,1387,1387,1355
2022-01-17,1361,1385,1359.3,1360,488
2022-01-18,1360,1412.7,1360,1397,2008
2022-01-19,1414,1414,1350,1398,391
2022-01-20,1373,1483,1360,1483,2968
2022-01-23,1454,1510,1420.1,1510,2072
2022-01-24,1510,1510,1410,1412.1,1199
2022-01-25,1390,1413,1390,1390,387
2022-01-26,1363,1382,1354.4,1355,666
2022-01-27,1330,1390,1325,1387,2374
2022-01-30,1405,1414,1380,1399,2300
2022-01-31,1372,1410,1370,1372.1,314
2022-02-01,1350,1390,1345.4,1390,919
2022-02-03,1363.1,1380,1353,1365,892
2022-02-06,1370,1370,1350,1350,110
2022-02-07,1345,1364,1334.9,1363,502
2022-02-08,1380,1381,1337,1337,677
2022-02-09,1320,1320,1315,1316.1,484
2022-02-10,1335,1335,1315,1333.9,586
2022-02-13,1319,1320,1260,1260,853
2022-02-14,1260,1285.2,1240,1250,406
2022-02-15,1250,1274,1237,1238,176
2022-02-16,1250,1270,1240.4,1249,250
2022-02-17,1248,1274,1230,1274,410
2022-02-20,1248.6,1260,1215,1230,2310
2022-02-21,1230,1258,1230,1255,352
2022-02-22,1280.1,1307,1260,1266,702
2022-02-23,1260,1291.3,1242,1242.1,216
2022-02-24,1225,1225,1210,1210,579
2022-02-27,1205,1224,1188,1224,1230
2022-02-28,1225,1225,1176,1180,315
2022-03-02,1161,1161,1142,1142,892
2022-03-06,1164,1185,1161.3,1162,100
2022-03-07,1140,1180,1140,1175,596
2022-03-09,1160,1170,1141.6,1160,1454
2022-03-10,1160,1185,1150,1185,299
2022-03-13,1185,1208,1185,1208,1241
2022-03-14,1232.1,1232.1,1232.1,1232.1,10
2022-03-15,1220,1232.1,1220,1232,274
2022-03-16,1208,1223.1,1208,1223.1,197
2022-03-20,1199,1205,1199,1205,46
2022-03-21,1207,1225,1176.5,1198,370
2022-03-22,1177.1,1215,1177.1,1209,749
2022-03-23,1200,1201,1190,1190,324
2022-03-24,1190,1190,1170.3,1173,397
2022-03-27,1152,1160,1150,1150,270
2022-03-28,1150,1154,1127,1154,485
2022-03-29,1154,1154,1130,1142,231
2022-03-30,1142,1159,1142,1159,289
2022-03-31,1182,1182,1136,1150,261
2022-04-03,1145,1145,1104,1105.3,751
2022-04-04,1100,1110,1097,1110,158
2022-04-05,1100,1100,1097,1100,387
2022-04-06,1100,1100.6,1080,1080,93
2022-04-07,1070,1100,1070,1082,339
2022-04-11,1090,1090,1064,1085,403
2022-04-12,1063.3,1064,1051,1060,260
2022-04-13,1061,1123,1060,1121,528
2022-04-17,1100,1119,1078,1119,343
2022-04-18,1097,1097,1075,1075,56
2022-04-19,1054,1075,1051,1056,118
2022-04-20,1035.2,1038,1015.2,1015.4,291
2022-04-21,996.2,1081.2,996.2,1081.2,270
2022-04-24,1060,1132,1025,1132,974
2022-04-25,1133,1133,1070,1104.6,323
2022-04-26,1105,1127,1086,1121,427
2022-04-27,1098.6,1123,1076,1123,353
2022-04-28,1123,1123,1059.5,1080,2325
2022-05-02,1060,1060,1040,1060,226
2022-05-04,1045,1050,1027,1049,319
2022-05-05,1032,1037,992,995,399
2022-05-08,980,1014.5,975.1,1014.5,511
2022-05-09,1033,1055.3,1001,1020,437
2022-05-10,1040,1070,1040,1070,559
2022-05-11,1051,1176.9,1051,1176.9,949
2022-05-12,1200,1200,1124.1,1124.1,481
2022-05-17,1102,1119,1065,1073.7,395
2022-05-18,1094.9,1094.9,1053,1053,105
2022-05-19,1074,1074,1030,1049,524
2022-05-20,1028.2,1028.3,1028.1,1028.1,150
2022-05-23,1028,1028,1007.8,1007.8,193
2022-05-24,1027.9,1046,1008.3,1035,539
2022-05-25,1055,1075,1015,1015,223
2022-05-26,1000,1060,1000,1042,72
2022-05-27,1040,1050,1018.3,1018.3,385
2022-05-30,1001,1061,998,1049.8,284
2022-05-31,1028.9,1029,1025,1027,83
2022-06-01,1047.5,1111,1025,1038,192
2022-06-02,1055,1075,1005,1013,585
2022-06-03,1033,1074.6,992.8,1036.8,186
2022-06-06,1057.4,1057.4,1000,1034.9,492
2022-06-07,1055,1075.9,994.8,994.8,373
2022-06-08,1014.6,1075.2,1014.6,1032.7,109
2022-06-09,1030,1053.2,1012.5,1012.5,245
2022-06-10,993.4,1005,993.4,995,213
2022-06-13,1014.9,1014.9,994.7,1010,39
2022-06-14,1030,1030,947,947,500
2022-06-15,965,1003,931,949,508
2022-06-16,940,948.9,900,948.9,574
2022-06-17,966,966,912,912,192
2022-06-19,912,945,900,900,259
2022-06-20,882,897,864.4,880,196
2022-06-21,880,915.4,880,915.4,250
2022-06-22,900,900,897.2,900,94
2022-06-23,890,890,882,882,48
2022-06-24,882,932,865,865,102
2022-06-26,882.3,939,882.3,939,287
2022-06-27,939,939,920,920,63
2022-06-28,925,925,888.4,906.1,44
2022-06-29,888,941.9,888,941.9,332
2022-06-30,923.1,993,923.1,992,1385
2022-07-01,1011,1020,960.5,979.7,264
2022-07-03,980,1050,980,1050,633
2022-07-04,1071,1080,1019,1019,712
2022-07-05,1035,1039,978,1020,328
2022-07-06,1000,1017,960.4,1017,396
2022-07-07,1037.3,1037.3,997,997,47
2022-07-08,977.1,979,955,955,236
2022-07-11,936,936,882.1,882.1,273
2022-07-12,895,934.3,890.1,890.1,188
2022-07-13,894,926,875,885,2066
2022-07-14,902.7,938.4,902.7,934,312
2022-07-15,934,952.6,934,952.6,50
2022-07-17,934,950,916.1,935,159
2022-07-18,953.4,972,916.4,916.4,165
2022-07-19,934.7,990,934.7,980,1640
2022-07-20,962.1,998,962.1,985,197
2022-07-21,970,970,966,966.1,128
2022-07-22,947,1024.7,941.1,1024.7,280
2022-07-24,1024,1040.4,988,1040,484
2022-07-25,1021,1100,1020.1,1100,1380
2022-07-26,1078,1078,1025,1025,1088
2022-07-27,1025,1098,1025,1098,445
2022-07-28,1110,1160,1088,1130,2631
2022-07-29,1152,1165,1130,1150,200
2022-07-31,1130,1152,1110,1131,1051
2022-08-01,1110.1,1122,1085,1100,999
2022-08-02,1078,1078,1029,1060,3905
2022-08-03,1050,1098,1000,1049,2568
2022-08-04,1028.1,1034,1008,1032,2518
2022-08-05,1030,1030,975,1014,302
2022-08-07,994,1029,993,1029,498
2022-08-08,1020,1050,1009,1045,2082
2022-08-09,1030,1045,969,969,1986
2022-08-10,960,969,940,945,1427
2022-08-11,963,963.9,935,935,366
2022-08-14,952,970,933,937,477
2022-08-15,955.7,1012,955.4,975,595
2022-08-16,975,993,956,975,298
2022-08-17,956,984,950,984,311
2022-08-18,1003,1019,1000,1013.9,112
2022-08-21,994,1031.9,979,1000,287
2022-08-22,1000,1017.8,980.1,1017.8,80
2022-08-23,1029.9,1029.9,980,1020,171
2022-08-24,1010,1020,1000,1020,49
2022-08-25,1010,1010,966.1,999,1055
2022-08-26,979.1,979.1,979.1,979.1,35
2022-08-28,959.7,959.7,925,925,612
2022-08-29,907.1,942,890,942,512
2022-08-30,925,959,925,934.9,256
2022-08-31,916.3,948,916.3,948,20
2022-09-01,940,940,904,910,442
2022-09-02,915,918,900,918,422
2022-09-04,900,921,900,921,54
2022-09-05,925,939.3,915,939,381
2022-09-06,925,925,908,908,70
2022-09-07,891.1,891.1,878.1,882,88
2022-09-08,885,899.6,884,884,450
2022-09-11,890,900,869,869,454
2022-09-12,860.1,865,860,860,147
2022-09-13,866,894.7,860,894.7,188
2022-09-14,900,933,900,933,518
2022-09-15,916.6,924,896.7,896.7,239
2022-09-18,878.8,878.8,866,866,210
2022-09-20,848.9,856,838.9,838.9,90
2022-09-21,853,871,826,871,463
2022-09-22,854,854,821.3,854,365
2022-09-25,854,854,824,827,298
2022-09-27,843.5,851,834,835,220
2022-09-28,850,868,850,864,64
2022-09-29,880.9,890,863.3,881,260
2022-10-09,898,914,881,881,60
2022-10-10,881,895,881,895,20
2022-10-11,885,885,867.3,867.3,30
2022-10-12,878,878,878,878,10
2022-10-13,860.5,860.5,844.1,850,336
2022-10-16,837,849.6,833,833,248
2022-10-17,818,849.5,818,822,407
2022-10-19,810.1,830,809,830,273
2022-10-20,814,825,813.5,815,163
2022-10-23,831,831,814.5,815,83
2022-10-31,800.2,816.2,800.2,802,34
2022-11-01,818,845,802,830,284
2022-11-02,840,843,816,816.4,295
2022-11-03,801,817,801,803,218
2022-11-06,810,835.2,810,835.2,470
2022-11-07,820.1,843,820,825,419
2022-11-08,834,834,811,824,1043
2022-11-09,811,811,800,801,279
2022-11-10,800,811,800,804,192
2022-11-13,804,807,801,801,184
2022-11-14,786.6,802,786.6,790,264
2022-11-15,790,800,750,750,994
2022-11-16,765,807.8,765,807.8,232
2022-11-17,822.9,822.9,810.2,821.9,464
2022-11-22,838.3,838.3,807,808.2,350
2022-11-23,795,808.2,794,797,138
2022-11-24,800,800,784.1,787.1,88
2022-11-27,800,816,787.1,790,1486
2022-11-28,795,795,782,789,260
2022-11-29,774,810.9,774,810.9,141
2022-11-30,810.9,810.9,803,806,92
2022-12-01,806,806,805,805,48
2022-12-04,800,805,800,802,172
2022-12-05,800,800,800,800,14
2022-12-06,786,786,786,786,14
2022-12-07,801,801,801,801,10
2022-12-11,801,801,779.1,779.1,243
2022-12-12,788,820,780,820,320
2022-12-13,820,820,790,805.8,52
2022-12-14,802,802,795,802,72
2022-12-15,802,802,790.1,790.1,40
2022-12-18,775.2,782.5,775.2,781.3,199
2022-12-19,767.5,782.8,767.5,775,156
2022-12-20,790.5,800,780,780,97
2022-12-21,775.3,790.7,775.2,790.7,129
2022-12-22,775,806.5,775,775.2,140
2022-12-26,790.7,833,790,833,733
2022-12-27,849.6,870,829,844,677
2022-12-28,845,845,828.1,835,216
2022-12-29,849.4,849.4,818.3,834,118
2023-01-01,846,880,821.5,821.5,614
2023-01-02,805.1,863,805.1,845.9,719
2023-01-03,850,877.1,850,875,1051
2023-01-04,865.1,920,865.1,905.1,4073
2023-01-05,911.2,942,911.2,915.5,1888
2023-01-08,900,936,882.1,936,1431
2023-01-09,927,954.7,927,950,1922
2023-01-10,941,981,915,923,1903
2023-01-12,941.4,974.1,923,930,3011
2023-01-17,911.4,929,911.4,914,654
2023-01-18,932,934,918.5,926.1,381
2023-01-19,908,944.5,908,944.5,846
2023-01-23,963,963,907.1,910,1843
2023-01-24,893,928,893,928,204
2023-01-25,946.5,950,910,930,1204
2023-01-26,948.6,965,915,918,486
2023-01-29,899.7,899.7,852.2,875,3225
2023-01-30,860.3,874,845,874,1372
2023-01-31,857.4,857.4,828,835,509
2023-02-01,825,835,825,835,190
2023-02-02,821,834,815,815,845
2023-02-05,810,842,810,820,588
2023-02-06,818,826,818,826,28
2023-02-07,842.4,877,835,877,1088
2023-02-08,877,877,843,856,1700
2023-02-09,842,856.5,840,856.5,594
2023-02-12,839.4,844.9,830,830,34
2023-02-14,830,845,816,830,378
2023-02-15,821,831,821,825,101
2023-02-16,825,825,813.1,824,226
2023-02-20,811,814.1,810,814,301
2023-02-22,815,825,800,810,386
2023-02-23,793.8,793.8,729,729,2142
2023-02-26,714.5,746.9,706,746.9,713
2023-02-27,761,776,731,745.6,200
2023-02-28,731.1,759,731.1,759,250
2023-03-01,745,745,745,745,14
2023-03-02,730.1,745,706.6,745,107
2023-03-05,740,740,730,735,87
2023-03-07,749.7,750,749.7,750,185
2023-03-09,737,769,737,769,162
2023-03-12,769,769,740.1,740.1,208
2023-03-13,731,731,731,731,25
2023-03-14,721,730,721,721.1,109
2023-03-15,720,734.1,711,734.1,178
2023-03-16,719.5,745,719.5,745,58
2023-03-19,731,731,731,731,14
2023-03-20,731,774.1,731,755,279
2023-03-22,755,755,740,749,167
2023-03-23,735,737.4,709,734.9,80
2023-03-26,720.3,720.3,692.2,720,460
2023-03-27,706,720.1,706,720.1,126
2023-03-28,727,754,726,754,148
2023-03-29,754,765,749.7,749.7,22
2023-03-30,735,735,725,725,79
2023-04-02,725,720,700,700,128
2023-04-03,710,714,699.8,700,122
2023-04-04,701,701,692.1,700,44
2023-04-05,699,700,695,695,52
2023-04-06,694,695,671,680.1,120
2023-04-09,667,670,660,668.3,66
2023-04-10,660,680.9,660,680.9,55
2023-04-11,667.3,690,667.3,680,113
2023-04-12,693.6,747.8,693.6,747.8,319
2023-04-13,733,746.9,733,746.9,25
2023-04-16,746,757,746,757,20
2023-04-17,770,770,770,770,12
2023-04-18,756,756,754.6,754.6,20
2023-04-19,739.6,764,698,764,479
2023-04-20,778,778,778,778,10
2023-04-23,793,793,734.1,734.1,86
2023-04-24,748,748,718.6,730,44
2023-04-25,716,716,716,716,14
2023-04-26,720,720,706,706,168
2023-04-27,696,700,693,693,44
2023-04-30,700,705,690,705,66
2023-05-02,691,692,679,692,33
2023-05-03,682,682,679,680,100
2023-05-04,667.1,667.1,667.1,667.1,14
2023-05-07,654,667,654,667,24
2023-05-08,667,667,667,667,20
2023-05-09,654,654,653.7,653.7,162
2023-05-10,666.6,668,666.5,668,30
2023-05-11,660,660,660,660,10
2023-05-14,670,671.9,658.8,660,149
2023-05-15,662,662,650.2,655,38
2023-05-16,668,668,668,668,13
2023-05-17,662,663,662,663,69
2023-05-18,650,714.9,650,714.9,80
2023-05-21,727,735,713,725,171
2023-05-22,725,725,725,725,30
2023-05-23,730,744,720,744,231
2023-05-24,745,755,730.1,753,242
2023-05-28,750,750,735,735,302
2023-05-30,720.3,720.3,691.1,692.1,1808
2023-05-31,705.9,761,703,703,136
2023-06-01,717,717,702,714,58
2023-06-04,728,754,713.7,754,185
2023-06-05,740,742,725.3,739.8,413
2023-06-06,725.1,754.5,725.1,740,91
2023-06-07,750,752,741,746,390
2023-06-08,759,759,732,732,38
2023-06-11,720.1,737,720.1,737,561
2023-06-12,725,738.9,725,738.9,52
2023-06-13,738.7,768,738.7,768,827
2023-06-14,768,783,740,740,910
2023-06-15,733.1,760,733.1,760,102
2023-06-18,747,774,746,773,261
2023-06-19,760,770,757.6,770,166
2023-06-20,755,775,755,774,905
2023-06-21,760,766,740,740,576
2023-06-22,754.8,754.8,726,726.4,52
2023-06-25,725,768.9,724,768.9,734
2023-06-26,783.9,824,782,824,1630
2023-06-27,807.6,897.5,807,889,1537
2023-06-28,906,906,840,842,1134
2023-07-02,825.2,829,792.6,800,201
2023-07-03,784.1,799,784.1,799,81
2023-07-04,785,785,775,775,270
2023-07-05,761,776,748,751,301
2023-07-06,751,752,738.1,744.1,227
2023-07-09,745,788.4,730.2,760,1267
2023-07-10,775,789.9,772,772,384
2023-07-11,757,787.4,757,787.4,300
2023-07-12,787,851,787,828,739
2023-07-13,844,861.3,797.8,797.8,414
2023-07-16,798,812,798,810.9,852
2023-07-17,820,827,799,820,368
2023-07-18,836,836,820,834,590
2023-07-19,818,820,806,806,365
2023-07-20,806,819,802.7,803,452
2023-07-23,803,824,773.3,820,1061
2023-07-24,805,830,798,798,217
2023-07-25,786,828,786,828,1359
2023-07-26,829.9,830,802.1,803.3,462
2023-07-27,790,806.8,790,792,324
2023-07-30,792,800,771.3,773,904
2023-07-31,780,797,768,770.2,89
2023-08-01,785,785,742.9,742.9,734
2023-08-02,737.3,741,726.2,726.2,1793
2023-08-03,716,722,696,696,1269
2023-08-06,696,696,651,651,2379
2023-08-07,642.1,700,641,681.1,1175
2023-08-08,677.1,681.1,669,669.1,742
2023-08-09,660,681.2,643,656.2,205
2023-08-10,665,687.4,665,666.4,647
2023-08-13,679,704,673.1,702,1203
2023-08-14,708,710.9,696,696,332
2023-08-15,683,683,683,683,14
2023-08-17,683,710.5,683,710.5,812
2023-08-20,697,697,683.5,685,333
2023-08-21,685,690,672.2,672.2,50
2023-08-22,675,725,665,725,755
2023-08-23,711,711.2,710.5,710.5,75
2023-08-24,696.4,696.4,685.1,686,327
2023-08-27,672.3,672.4,672.3,672.4,56
2023-08-28,672.4,686,672.4,686,113
2023-08-29,676,685,676,685,114
2023-08-30,677,680,676,680,49
2023-09-03,680,680,680,680,10
2023-09-04,680,717.8,670,671.1,914
2023-09-05,670.1,696.6,670,696.6,238
2023-09-07,710.5,710.5,686,686,242
2023-09-10,699.7,714,687,693,860
2023-09-11,706.8,706.8,690,700,289
2023-09-12,700,713,700,700,242
2023-09-13,700,714,700,714,222
2023-09-17,714,714,690,690,106
2023-09-18,690,703.5,690,703,62
2023-09-19,690,731.3,690,710,725
2023-09-21,719,728,710,724.2,244
2023-09-24,738,753,723.2,750,2121
2023-09-25,735,740,735,740,245
2023-09-26,740,740,715.4,717,172
2023-09-27,702.9,714,689,714,66
2023-10-01,701,701,701,701,14
2023-10-02,689,719.1,689,705,342
2023-10-03,692,695,692,695,24
2023-10-04,695,714,695,700,266
2023-10-05,700,710,700,710,60
2023-10-08,724.2,724.2,696,697.1,191
2023-10-09,685,687.1,685,687,40
2023-10-10,690,690,680,680,316
2023-10-11,666.4,681,666.4,681,47
2023-10-12,671.1,684.5,670,673,691
2023-10-16,660,667,660,667,125
2023-10-17,667,667,667,667,30
2023-10-18,680.3,727.9,680.3,727.9,70
2023-10-19,713.4,726,699.2,726,78
2023-10-30,726,726,726,726,2
2023-10-31,711.5,711.5,697.3,697.3,64
2023-11-01,683.5,685,683.4,685,86
2023-11-02,672,685,672,685,102
2023-11-05,675,685,675,676,93
2023-11-06,663.2,676,663,676,43
2023-11-07,676,677,663,677,131
2023-11-08,675,688.5,675,688.5,23
2023-11-09,700,710,700,709.9,48
2023-11-20,709,709,707,707,43
2023-11-21,692.9,692.9,692.9,692.9,50
2023-11-22,706,706,700,702,36
2023-11-23,695,695,695,695,25
2023-11-26,685,692,685,685,269
2023-11-27,698.7,698.7,685,685,147
2023-11-28,684,690,684,690,74
2023-11-29,677,677,677,677,75
2023-11-30,664,665,664,664,310
2023-12-03,652,674,652,674,225
2023-12-04,661,683,661,683,62
2023-12-05,670,670,670,670,14
2023-12-06,657,722,657,722,198
2023-12-07,707.6,707.6,705,705,24
2023-12-11,719,730,701.1,715,431
2023-12-12,729,729,689.2,689.2,34
2023-12-13,702,730,696,715.9,337
2023-12-14,702,715,701.6,714.9,141
2023-12-17,714.9,742,689,742,1180
2023-12-18,735,780,735,749.2,659
2023-12-19,760,782,710,782,1485
2023-12-20,766.4,766.4,736,755.8,1253
2023-12-21,741,755.8,741,755.8,484
2023-12-24,741.3,752,735,735,309
2023-12-27,725,726,696,710.9,146
2023-12-28,696.7,739.6,682.8,739.6,840
2024-01-01,741,741,695,703,208
2024-01-02,690,695,682,682,248
2024-01-03,695.6,723,682.1,723,511
2024-01-04,737.4,739.5,715.4,716,1012
2024-01-07,702,730.1,702,715,272
2024-01-08,702,728,702,728,1052
2024-01-09,721,749,721,749,1313
2024-01-10,758,763.9,756,756,1206
2024-01-11,750,765,750,761,814
2024-01-14,774,805,761,790,1528
2024-01-16,805,821.1,805,805,662
2024-01-17,815,850,762,762,1672
2024-01-18,776.9,838.2,776.9,838.2,8189
2024-01-21,850,906.1,840,894,5227
2024-01-22,890,911.8,878,904,6382
2024-01-23,886,922,869,922,4457
2024-01-24,903.6,905,885.6,905,1353
2024-01-25,887,919,871,919,1406
2024-01-28,902,902,870,890,1676
2024-01-29,890,895,872.2,895,4344
2024-01-30,878,897,878,897,1161
2024-01-31,879.1,879.1,861.6,861.6,200
2024-02-01,846,850,846,850,64
2024-02-04,833,849.6,830,849.6,1499
2024-02-05,850,850,833,848,274
2024-02-06,848,860,843.1,860,246
2024-02-07,862,896,852,896,540
2024-02-08,880,880,863.1,863.2,272
2024-02-11,851.1,887.4,823,823,1540
2024-02-12,835,868,835,868,2170
2024-02-13,850.7,884,850.7,865.4,350
2024-02-14,865,865,851,851,223
2024-02-15,835.1,852.7,825,850,876
2024-02-18,845,860,810,810,885
2024-02-20,820,826.2,809.7,810,295
2024-02-21,826,826,815,815,378
2024-02-22,829,831,814.4,814.4,558
2024-02-25,801,840,800,830,1870
2024-02-26,840,846.6,829.7,830,300
2024-02-27,813.4,846.1,813.4,831,215
2024-02-28,847.6,847.6,831.2,836,503
2024-02-29,822,850,820,850,516
2024-03-03,833.1,874,816.6,874,1566
2024-03-04,856.6,873.7,856.6,873.7,1010
2024-03-05,860,889,830.1,851,1423
2024-03-06,834,867.9,817.4,860,996
2024-03-07,842.8,846,813.5,846,1924
2024-03-10,830,870,830,867,869
2024-03-12,883.9,895,870,895,531
2024-03-13,880,960,880,960,12376
2024-03-14,940.8,957,903.6,940,1302
2024-03-17,925,925,890,910,2381
2024-03-18,892,920,892,901,918
2024-03-19,919,991,900,934,10202
2024-03-20,952,1027.4,952,1010,13940
2024-03-21,1030,1100,1025,1033,3238
2024-03-25,1012.4,1069,1005,1048.3,4891
2024-03-26,1055,1087.5,1029.1,1048,5199
2024-03-27,1048,1048,1018.1,1018.2,7018
2024-03-28,1038,1038,990,1020,3677
2024-03-31,1001,1020,980.1,984,3780
2024-04-01,971,999,971,975,710
2024-04-02,981,1072,981,1072,3434
2024-04-03,1051,1174,1050.6,1161.9,6816
2024-04-04,1185,1208,1147,1186.7,4454
2024-04-07,1210,1210,1142.4,1156.5,5707
2024-04-09,1133.4,1200,1122,1170,3266
2024-04-10,1150,1150,1126.1,1134.1,2032
2024-04-14,1125,1237.2,1125,1191,2171
2024-04-15,1210,1214.8,1170,1180,662
2024-04-16,1157,1160,1089,1139,1311
2024-04-18,1136.8,1136.8,1095,1110,1177
2024-04-21,1132,1132,1075,1085.3,944
2024-04-22,1075,1096,1075,1096,548
2024-04-24,1100,1122,1083,1120,296
2024-04-25,1120,1120,1086,1103.9,804
2024-04-28,1103.9,1125.9,1100.2,1105,1038
2024-04-29,1091,1118,1085.1,1118,504
2024-04-30,1100,1150,1100,1145,471
2024-05-02,1167,1215,1157.1,1180,4755
2024-05-05,1195,1237.2,1176,1220,4918
2024-05-06,1200,1210,1156,1190,3299
2024-05-07,1169.2,1205,1169,1177,2197
2024-05-08,1156.1,1226,1156.1,1226,2859
2024-05-09,1226,1226,1162,1180,910
2024-05-12,1160.1,1180,1137.3,1159,729
2024-05-13,1181.9,1215,1168.9,1170.1,518
2024-05-14,1191.9,1239,1191.9,1234,3382
2024-05-15,1247,1299,1232,1254,7598
2024-05-16,1229.5,1370,1229.1,1355,6659
2024-05-19,1340,1348,1279,1320,5997
2024-05-20,1320,1372.9,1294.5,1327,4344
2024-05-21,1300.5,1340,1300,1329,1596
2024-05-22,1330,1350,1290,1300,2828
2024-05-26,1274,1310,1226,1226,2406
2024-05-27,1250.5,1273.8,1230,1268,2049
2024-05-29,1243.1,1268,1217.3,1230,2160
2024-05-30,1215,1220,1172.1,1180,848
2024-06-02,1180,1280,1161.2,1250.8,2988
2024-06-03,1258,1301,1205,1299,1987
2024-06-04,1290,1323,1240.1,1240.1,2623
2024-06-05,1240.1,1300,1181.3,1253,8095
2024-06-06,1277,1290,1255,1266.1,12953
2024-06-09,1256,1280.2,1235,1255,4059
2024-06-10,1279,1300,1244.5,1265,5360
2024-06-11,1257,1305,1257,1277,7745
2024-06-12,1302,1404,1280,1387.3,14285
2024-06-13,1410,1458,1365,1384,9060
2024-06-16,1357,1367,1307,1327,6864
2024-06-18,1327,1349,1301,1312,5312
2024-06-19,1338.2,1344,1312,1339.9,1673
2024-06-20,1325,1345,1300.1,1315,4263
2024-06-23,1341.3,1446.5,1315,1446.5,34938
2024-06-24,1475,1591.1,1452,1591.1,39140
2024-06-25,1580,1683,1580,1600,12032
2024-06-26,1568,1714,1568,1714,31601
2024-06-27,1680,1840,1671,1753,20974
2024-06-30,1718,1718,1652.1,1652.1,13933
2024-07-01,1620,1747,1608,1660,22866
2024-07-02,1693,1727,1636.2,1640,7109
2024-07-03,1608,1685,1608,1668,18903
2024-07-04,1635,1733.9,1611.1,1652.1,12547
2024-07-07,1625,1728,1625,1713,16011
2024-07-08,1679,1719,1653.2,1697.5,9093
2024-07-09,1663.6,1867.2,1663.6,1867.2,24205
2024-07-10,1831,2000,1831,2000,13578
2024-07-11,1960.1,2037,1960.1,2000.2,20600
2024-07-14,1961,2163,1923,2163,16012
2024-07-15,2206.2,2206.2,2000,2205,8190
2024-07-16,2249.1,2249.1,2015,2020.1,38712
2024-07-17,1984.5,2200,1961,2026.1,23824
2024-07-18,2065,2217,2011,2075,26606
2024-07-21,2033.5,2282,2030,2282,15398
2024-07-22,2327,2327,2053.8,2055.1,15201
2024-07-23,2014,2178,1930,1935.3,43689
2024-07-24,1949,2009,1895,1896,12785
2024-07-25,1896,2085,1850,2085,41784
2024-07-28,2043.3,2043.3,1876.5,1890,27815
2024-07-29,1855.2,2014,1740,2014,50710
2024-07-30,1974,1974,1826,1891,6356
2024-07-31,1854,1878.4,1820,1859.9,8853
2024-08-01,1822.8,1960,1752,1752.3,21429
2024-08-05,1750,1755,1686,1750,7746
2024-08-06,1760,1784,1656.3,1666,23277
2024-08-07,1633,1690,1633,1675,3986
2024-08-08,1685,1700,1642,1658.5,5807
2024-08-11,1650,1730,1650,1696,7546
2024-08-12,1729.9,1769,1680,1699,12091
2024-08-13,1710,1710,1641,1661,5574
2024-08-14,1660,1660,1632,1634,7400
2024-08-15,1666.6,1666.6,1565,1590,12720
2024-08-18,1590,1642.2,1580,1600,6648
2024-08-21,1629.9,1653,1603,1614.8,5362
2024-08-22,1644.1,1645.1,1616,1616,5460
2024-08-25,1609,1724,1609,1669,12328
2024-08-27,1700,1704,1631.3,1653.2,4704
2024-08-28,1645,1656,1600.1,1607.6,5560
2024-08-29,1607.6,1635,1562,1580,5118
2024-09-01,1580,1590,1515,1521,2428
2024-09-02,1521,1570,1510,1570,2748
2024-09-03,1600,1628,1540,1599,3119
2024-09-04,1628,1655,1565,1565,5873
2024-09-05,1596.3,1698,1550.3,1650,10160
2024-09-08,1683,1810,1683,1760,30172
2024-09-09,1765,1800,1682.1,1698,11052
2024-09-10,1729,1729,1625,1664,5203
2024-09-11,1636.3,1735,1631,1670,7307
2024-09-12,1703,1770,1680,1720,4436
2024-09-15,1720,1725,1645,1688,5931
2024-09-16,1655,1655,1570,1600,4566
2024-09-18,1631.9,1631.9,1568,1600,2349
2024-09-22,1600,1632,1568.5,1600,1298
2024-09-23,1568,1625,1539,1539,2068
2024-09-24,1539,1539,1435.1,1445,2562
2024-09-25,1445,1472.5,1397,1472.5,1263
2024-09-26,1480,1499.8,1445,1450,1477
2024-09-29,1440,1508,1421,1425,2375
2024-09-30,1425,1463,1425,1460,1464
2024-10-01,1489,1550,1489,1535.1,1582
2024-10-02,1560,1575,1531,1550,4585
2024-10-06,1543,1575,1543,1574,909
2024-10-07,1574,1620,1574,1586.1,2957
2024-10-08,1560,1590,1555,1555,900
2024-10-09,1543,1578.4,1531,1578.4,914
2024-10-15,1580,1580,1552.1,1571,1275
2024-10-16,1560,1600,1560,1589,1938
2024-10-17,1620.7,1620.7,1576,1600,1775
2024-10-20,1568,1568,1537,1552,2517
2024-10-21,1524,1524,1500,1500,1292
2024-10-22,1500,1536.1,1492,1529,932
2024-10-23,1510.1,1588,1510.1,1512.1,783
2024-10-24,1483,1520.9,1483,1520,1809
2024-10-27,1550,1550,1504.2,1525,1605
2024-10-28,1502,1525,1495,1525,769
2024-10-29,1515.1,1565.7,1515.1,1542,1215
2024-10-30,1549.9,1570,1535.1,1568.9,1448
2024-11-05,1570,1647,1570,1624,4780
2024-11-06,1593,1620,1592.1,1611,734
2024-11-10,1611.1,1693,1611.1,1693,3141
2024-11-11,1726,1792,1691,1733,13752
2024-11-12,1712,1831,1712,1750,7061
2024-11-13,1715.1,1745,1682,1730,3984
2024-11-14,1764.6,1824.9,1740,1810,14599
2024-11-17,1845,1959.4,1845,1883.1,18670
2024-11-19,1881,1897.9,1760,1760,12139
2024-11-20,1732,1829.9,1725,1759,3848
2024-11-21,1780,1861,1778,1800,15034
2024-11-24,1830,1835,1756,1756,3706
2024-11-25,1756,1775,1736,1751,1908
2024-11-26,1785,1800,1740,1760,1907
2024-11-27,1793.9,1825,1793.9,1805.1,6119
2024-11-28,1806,1815,1750,1779,4295
2024-12-01,1745,1775,1745,1770,2252
2024-12-02,1805.4,1805.4,1721,1721,4707
2024-12-03,1755,1755.4,1686,1686,4481
2024-12-04,1687,1770,1687,1760,5419
2024-12-05,1750,1859.9,1726,1745,4670
2024-12-08,1718.1,1752.4,1701,1710,4601
2024-12-09,1739,1813.2,1680,1737,9397
2024-12-10,1771.7,1884,1771.7,1857,22484
2024-12-11,1830.1,1865,1800,1854,5637
2024-12-12,1870,1870,1790,1790,2358
2024-12-16,1766,1766,1688,1709,9623
2024-12-17,1718,1770,1693,1758,2549
2024-12-18,1793.1,1793.1,1698.1,1719.8,3155
2024-12-19,1689.1,1719,1650,1682,7077
2024-12-22,1680,1710,1660.6,1680,1292
2024-12-23,1650,1710,1650,1693,2622
2024-12-24,1710,1779,1710,1716,4333
2024-12-26,1749,1829.9,1718,1787,8462
2024-12-29,1790,1900,1786.1,1824,17737
2024-12-31,1859,1860.4,1719.9,1783,3506
2025-01-01,1783,1792,1740,1749,550
2025-01-02,1749,1800,1725.1,1752,3845
2025-01-05,1760,1769,1750.1,1768,2009
2025-01-06,1770,1810,1753,1761,5853
2025-01-07,1790,1832,1763.2,1831,7645
2025-01-08,1867.6,1867.6,1790,1824,6547
2025-01-09,1795,1825,1773.1,1776.2,5312
2025-01-12,1776.2,1776.2,1745,1750,1393
2025-01-13,1732,1763,1720.5,1730,6592
2025-01-15,1764.5,1764.6,1741,1764,1598
2025-01-16,1772,1789,1730.2,1749,6533
2025-01-19,1715.2,1760,1715.2,1746.9,2714
2025-01-20,1779.9,1781.8,1742,1752.1,1686
2025-01-21,1751,1780,1741.1,1766,4254
2025-01-22,1800,1800,1767,1767,2407
2025-01-23,1760,1790,1760,1781,5633
2025-01-26,1809.6,1850,1809.6,1828.7,5598
2025-01-27,1839.6,1840,1804.7,1805,8435
2025-01-28,1838,1877,1800,1830,3169
2025-02-02,1850,1903,1850,1899,12325
2025-02-03,1934,1972,1901,1920,15180
2025-02-04,1920,1955.7,1882,1909,5431
2025-02-05,1878,1915,1861,1880,5540
2025-02-06,1917.6,1917.6,1842.4,1862,3564
2025-02-09,1865,1865,1827.5,1838,2014
2025-02-10,1873,1874.7,1825,1848,3119
2025-02-11,1840,1855,1820,1820,2553
2025-02-12,1849,1856.4,1826,1826,2318
2025-02-13,1823,1835,1800,1819,2433
2025-02-16,1829,1888,1811,1872,6504
2025-02-17,1907.9,1974.9,1906,1974.9,12812
2025-02-18,1940.1,1980,1900,1919,5233
2025-02-20,1930,1956,1910,1920,4783
2025-02-23,1881.6,1949,1855,1915,3539
2025-02-24,1916,1916,1862,1892,5599
2025-02-25,1899.9,1899.9,1858,1878,3230
2025-02-27,1898,1914,1870,1880,4477
2025-03-02,1916,1916,1851,1879.9,3797
2025-03-03,1899,1899,1833.3,1840,3292
2025-03-04,1840,1840,1750.3,1755.1,5586
2025-03-05,1785,1805,1755.2,1770,4186
2025-03-06,1752.1,1787,1752.1,1780,2217
2025-03-09,1780,1798,1760,1785,2047
2025-03-10,1750,1793.5,1750,1768,1719
2025-03-11,1750,1768,1732.7,1749,1655
2025-03-12,1783.9,1783.9,1700,1700.3,1865
2025-03-16,1702.2,1724,1692.1,1724,2865
2025-03-17,1690,1720,1690,1720,1247
2025-03-18,1745,1745,1688,1688,1137
2025-03-19,1697,1719,1683.1,1683.1,1908
2025-03-20,1652.4,1722,1652.4,1680.95,1938
2025-03-23,1664.6,1666,1595,1616.81,3463
2025-03-24,1591,1679,1590,1614.93,2088
2025-03-25,1591.3,1591.3,1556,1564.95,1940
2025-03-26,1585,1595,1533.8,1567.16,1203
2025-03-27,1567,1669.7,1567,1650.09,1959
2025-03-30,1675,1700,1670,1675.2,2282
2025-04-01,1652,1675,1620.2,1633.75,1559
2025-04-02,1666.4,1698,1601.1,1627.33,425
2025-04-03,1640,1640,1607,1609.78,1923
2025-04-07,1637,1637,1582.7,1584.33,2318
2025-04-08,1565.1,1659.4,1565.1,1628.85,1405
2025-04-09,1597,1650,1597,1632.59,2196
2025-04-10,1611,1640,1611,1627.23,1187
2025-04-13,1615,1620,1610.2,1614.34,354
2025-04-15,1615,1645,1614,1640,1153
2025-04-16,1630,1659.9,1625.1,1628.23,494
2025-04-17,1640,1661,1640,1651.2,777
2025-04-20,1630,1630.6,1615,1626.39,696
2025-04-21,1600.1,1650,1600.1,1620.59,1211
2025-04-22,1652.9,1653,1600,1611.8,1787
2025-04-23,1599.5,1617.9,1599,1617.9,412
2025-04-24,1586.6,1616,1580.1,1586.75,1059
2025-04-27,1570,1598,1535,1551.59,2503
2025-04-28,1541,1560,1536,1540.37,715
2025-04-29,1533,1533,1500.4,1504.24,2215
2025-04-30,1487,1517,1486.1,1500,1348
2025-05-04,1500,1560,1480,1536.17,2401
2025-05-05,1564,1574,1542.5,1573,1075
2025-05-06,1580,1580,1533,1559.6,951
2025-05-07,1545.1,1573.8,1511,1551.1,1052
2025-05-08,1551.1,1640,1525,1568.1,2350
2025-05-11,1536.8,1581,1506.1,1552.23,1820
2025-05-13,1583,1583,1538,1541.4,951
2025-05-14,1533.1,1572,1533.1,1536.51,739
2025-05-15,1530.1,1532.1,1530.1,1530.32,1075
2025-05-18,1530,1571.5,1530,1532.53,1815
2025-05-19,1540,1540,1525,1531.1,414
2025-05-20,1550,1566.6,1480,1566.6,1287
2025-05-21,1597.9,1597.9,1550,1550.48,836
2025-05-22,1550,1609,1550,1577.26,1721
2025-05-25,1600,1638,1569,1630.71,2309
2025-05-26,1662.6,1687,1582.8,1586.85,3235
2025-05-27,1584,1584,1555.2,1559.24,1712
2025-05-28,1590,1590,1530,1540.1,130
2025-06-02,1515,1606,1515,1550.5,464
2025-06-03,1541,1542,1532,1540,686
2025-06-04,1550,1550,1515.1,1520.14,589
2025-06-05,1500,1540,1500,1540,118
2025-06-08,1540,1540,1487.1,1500,983
2025-06-09,1500,1520,1500,1500,1717
2025-06-10,1530,1562,1500,1511,1160
2025-06-11,1515,1539,1511,1515.72,592
2025-06-12,1519.9,1525,1504,1506.88,187
2025-06-15,1506,1519,1490,1502.84,1750
2025-06-16,1532.8,1563.4,1495,1500,1232
2025-06-17,1501,1530,1500,1507,1090
2025-06-18,1481,1510,1481,1498.4,656
2025-06-19,1480.1,1500,1480.1,1483.73,1279
2025-06-22,1465.1,1466.1,1455.1,1455.55,1291
2025-06-23,1479,1479,1465,1475.1,338
2025-06-24,1479,1498,1455,1476.36,1238
2025-06-25,1470,1505.8,1455,1494.3,1102
2025-06-26,1469,1470,1464.5,1466,218
2025-06-29,1466,1495,1453.2,1487.98,650
2025-06-30,1515,1531,1485,1516.37,686
2025-07-01,1516.37,1624,1516.37,1621.56,6269
2025-07-02,1590.1,1630.6,1580,1611.6,1378
2025-07-03,1625,1625,1580.1,1606,2021
2025-07-06,1590,1600,1578,1580,630
2025-07-07,1552,1611,1551,1584.85,911
2025-07-08,1555.1,1555.1,1555,1555.02,40
2025-07-09,1556,1595,1556,1560,203
2025-07-10,1562,1588,1561,1580,405
2025-07-13,1611.6,1660,1611.6,1639.24,3110
2025-07-14,1647.3,1648,1620.1,1638.9,1760
2025-07-15,1635,1639.8,1617,1633.44,528
2025-07-16,1645,1655,1632,1645.1,2979
2025-07-17,1675,1695,1641.5,1689,1202
2025-07-20,1670,1740,1670,1694.86,5355
2025-07-21,1670.1,1720,1670.1,1702.48,2948
2025-07-22,1702.48,1871,1697,1774.3,2414
2025-07-23,1740,1809,1730,1732.59,2262
2025-07-24,1740,1774,1700,1715.81,2337
2025-07-27,1745,1745,1651,1666.82,5031
2025-07-28,1670,1732.8,1642,1699.36,2244
2025-07-29,1682,1768,1682,1743.29,5220
2025-07-30,1722,1740,1681,1689.02,2424
2025-07-31,1722,1722,1655,1660.44,2224
2025-08-03,1670,1670,1605,1605,353
2025-08-04,1606,1736.9,1606,1624.31,3101
2025-08-05,1656.7,1737,1650.1,1673.52,6890
2025-08-06,1706.9,1740,1651,1688.69,1260
2025-08-07,1720,1722.4,1683,1689.96,2332
2025-08-11,1723,1734,1626,1645.1,2491
2025-08-12,1674,1674,1575,1587.34,2004
2025-08-13,1587.34,1650,1568,1590.48,1431
2025-08-14,1600,1609,1576,1590.31,274
2025-08-17,1622,1640,1558.7,1599.94,2527
2025-08-18,1600,1600,1577,1585,109
2025-08-19,1561,1609.5,1561,1585.25,955
2025-08-20,1565,1599,1565,1599,52
2025-08-21,1615,1615,1582.7,1583,225
2025-08-24,1583,1589.1,1558,1588.55,361
2025-08-25,1581,1605,1574,1600,1622
2025-08-26,1583,1590,1570,1572.19,561
2025-08-27,1554.1,1647,1554.1,1639.93,4385
2025-08-28,1640,1648,1572,1612.67,2974
2025-08-31,1581.3,1620,1580,1613.11,811
2025-09-01,1600,1605,1575,1590.71,990
2025-09-02,1570,1570,1560.2,1560.2,586
2025-09-03,1560.2,1600,1560,1573.98,387
2025-09-04,1595,1595,1558,1588,163
2025-09-07,1602,1602,1565,1594.15,1045
2025-09-08,1565,1595,1565,1591,263
2025-09-18,1560,1600,1560,1600,90
2025-09-21,1571,1610,1510,1610,1717
2025-09-23,1638.9,1671,1585,1671,2172
2025-09-24,1638,1638,1605.3,1627.6,1016
2025-09-25,1596.1,1600,1595.1,1600,130
2025-09-28,1572,1588,1572,1580,158
2025-10-07,1580,1580,1561,1561,702
2025-10-08,1533,1592,1503,1592,1839
2025-10-09,1610,1688,1561,1589.9,1141
2025-10-12,1570,1570,1495,1560,926
2025-10-13,1528.9,1556,1500,1534,2282
2025-10-14,1504,1504,1475,1500,1282
2025-10-15,1473.1,1479,1440,1479,2359
2025-10-16,1450.6,1454.5,1395,1454.5,1887
2025-10-19,1478,1478,1426,1454.5,554
2025-10-28,1450,1490,1445,1489.9,1232
2025-10-29,1505,1505,1451,1480,2340
2025-10-30,1451,1620,1451,1620,2596
2025-11-02,1649,1649,1540,1585,1094
2025-11-03,1616,1616,1535,1556,1345
2025-11-04,1531,1587.1,1525,1587.1,1322
2025-11-05,1555.4,1585,1524.4,1562,740
2025-11-06,1569.9,1580.8,1509.2,1580.8,3485
2025-11-09,1612.4,1612.4,1511,1589.9,532
2025-11-10,1580,1580,1517,1560,1255
2025-11-11,1530.1,1538.1,1520,1538.1,219
2025-11-12,1530,1530,1507.4,1525,447
2025-11-13,1554.9,1554.9,1509.3,1510,279
2025-11-16,1539,1539,1491.3,1492,1334
2025-11-17,1472.2,1505,1472.2,1481,892
2025-11-18,1500,1520,1500,1519.9,96
2025-11-19,1520,1520,1490,1517,493
2025-11-20,1517,1519,1517,1519,14
2025-11-23,1520,1600,1520,1567.8,2642
2025-11-24,1598,1598,1508,1577,1245
2025-11-25,1546,1576.9,1515.1,1539.1,1026
2025-11-26,1520.1,1545,1520.1,1535,426
2025-11-27,1520,1621,1512.2,1621,1909
2025-11-30,1640,1640,1545,1575,2301
2025-12-01,1544,1569,1537.7,1538,188
2025-12-02,1507.6,1664,1507.6,1564,357
2025-12-03,1532.8,1563.8,1503,1550,1261
2025-12-07,1525,1550,1524,1550,79
2025-12-08,1520,1558,1520,1558,309
2025-12-09,1586,1586,1524,1549,1293
2025-12-10,1521.6,1552,1521.6,1552,284
2025-12-11,1580,1580,1500,1535,254
2025-12-14,1515,1597,1514,1515.5,1839
2025-12-15,1516,1525,1500,1525,1488
2025-12-16,1500.1,1529,1500.1,1505,163
2025-12-17,1505,1507.9,1505,1506.3,270
2025-12-18,1506,1506,1482.6,1483.3,806
2025-12-21,1485.9,1497.9,1475,1497.9,542
2025-12-22,1525,1525,1471.8,1518,219
2025-12-23,1518,1524,1518,1524,35
2025-12-24,1520,1524,1520,1520,144
2025-12-28,1490.1,1529,1490.1,1529,846
2025-12-29,1499,1510,1470,1486,972
2025-12-31,1515,1524,1482.1,1524,370
2026-01-01,1495,1524,1490.1,1524,229
2026-01-04,1494.5,1510,1471,1510,802
2026-01-05,1483.1,1520,1480,1520,746
2026-01-06,1501.2,1521.5,1492,1521.5,509
2026-01-07,1500,1518.9,1500,1518.9,397
2026-01-08,1518.9,1524,1480.2,1480.4,759
2026-01-12,1510,1525,1486,1500,504
2026-01-13,1505,1508,1485.1,1495,974
2026-01-14,1495,1498.9,1470,1498.9,1170
2026-01-18,1515,1525,1493.5,1519,786
2026-01-20,1520,1534.8,1492.1,1524,4390
2026-01-21,1550.8,1550.8,1495,1510,849
2026-01-22,1480,1510,1480,1510,2144
2026-01-25,1535,1565,1452,1520,1760
2026-01-26,1525,1528.9,1490,1513,2627
2026-01-27,1483,1510,1483,1508,2440
2026-01-28,1480,1514,1478,1500,5266
2026-01-29,1529,1529,1470.2,1498,2858
2026-02-01,1519,1519,1470.1,1478,1170
2026-02-02,1470,1492,1470,1492,1412
2026-02-03,1495,1495,1467,1479.9,1823
2026-02-04,1504,1504,1465,1472,367
2026-02-05,1480,1480,1467,1478,1510
2026-02-08,1499,1499,1452,1470,1865
2026-02-09,1479,1479,1450,1462.8,785
2026-02-10,1435.1,1463,1435.1,1438,1642
2026-02-11,1420,1444,1420,1438,1327
2026-02-12,1412,1424,1400,1410,1790
2026-02-16,1420,1494,1392,1494,1927
2026-02-17,1464.2,1523,1408,1458,4598
2026-02-22,1487.1,1487.1,1385.1,1455,1002
2026-02-23,1426,1445,1398,1433,222
2026-02-24,1405,1433.1,1405,1433.1,365
2026-02-25,1413,1440,1390,1440,522
2026-02-26,1466.9,1466.9,1412,1412,66
2026-03-01,1386.1,1445,1386.1,1400,1000
2026-03-03,1406.5,1428,1400.5,1420,822
2026-03-09,1448.4,1536,1448.4,1536,70
2026-03-10,1505.3,1527.5,1451,1454,4652
2026-03-11,1480,1483,1440.1,1455.5,1120
2026-03-12,1431,1469,1431,1455.5,1229
2026-03-15,1450,1450,1450,1450,60
2026-03-16,1440.1,1468,1438,1468,1334
2026-03-17,1444.9,1478.9,1440.1,1446.9,811
2026-03-19,1470,1472.5,1447,1460,2479
2026-03-22,1487,1526,1465,1519,2783
2026-03-23,1519,1519,1469.1,1506,2142
2026-03-24,1490,1493,1475,1493,939
2026-03-25,1475,1516,1445,1474,2588
2026-03-26,1447,1474.8,1445,1453,1253
2026-03-29,1460,1477,1401.5,1454,3376
2026-03-30,1427,1471,1399,1420,2611
2026-03-31,1392,1448,1392,1414,805
2026-04-01,1405,1440,1370,1370,2075
2026-04-02,1347,1401,1343,1368.2,1151
2026-04-05,1340.9,1345,1314,1325,1743
2026-04-06,1298.5,1358,1298.5,1332,1021
2026-04-07,1332.5,1360,1332.1,1349,1624
2026-04-08,1373,1375.9,1349,1375.9,441
2026-04-09,1375.9,1400,1353,1399,180
2026-04-10,1372,1398,1360,1393,203
2026-04-13,1374,1380,1350.1,1380,248
2026-04-15,1381,1390,1363.1,1387.9,414
2026-04-16,1378,1385,1365,1372.9,561
2026-04-17,1375,1375,1341,1349.1,554
2026-04-20,1333,1350,1331,1350,309
2026-04-21,1350,1350,1317,1321,541
2026-04-22,1321,1442,1280,1442,1875
2026-04-23,1398.8,1420,1335,1350,1495
2026-04-24,1350,1380,1300,1380,268
2026-04-27,1340,1367.8,1338.8,1367.8,111
2026-04-28,1328,1358,1327,1358,517
2026-04-29,1397,1397,1306.1,1329,416
2026-04-30,1290,1337,1290,1310.1,619
2026-05-04,1301,1305,1289,1300,580
2026-05-05,1338,1338,1259.1,1285,787
2026-05-06,1280,1317,1273.8,1273.8,442
2026-05-07,1312,1312,1275.1,1305,233
2026-05-08,1319.9,1325,1290.2,1322,299
2026-05-11,1361,1390,1336,1337,460
2026-05-12,1366,1366,1305,1327.9,1167
2026-05-13,1308,1332.9,1303,1332.9,256
2026-05-14,1325,1328,1305,1327,108
2026-05-15,1327,1334.6,1296.3,1334.6,350
2026-05-18,1295.6,1326,1257.1,1296,1298
2026-05-19,1261.1,1324,1261.1,1324,704
2026-05-20,1321.2,1325.9,1284,1323.9,1076
2026-05-21,1292,1319.9,1272,1299,1793
2026-05-22,1323,1323,1281,1286,1020
2026-05-25,1261,1315,1261,1306,1312
2026-05-26,1342.9,1342.9,1280,1311,1027
2026-05-27,1346.9,1346.9,1280,1308.9,580
2026-06-01,1272.1,1300,1272,1295,851
2026-06-02,1265,1298.9,1265,1296.9,805
2026-06-03,1272,1310.1,1270,1297.9,471
2026-06-04,1320,1320,1271.1,1299,734
2026-06-05,1272.2,1297.9,1272.2,1297.9,49
2026-06-08,1278,1280,1265,1273.5,930
2026-06-09,1250,1270,1240,1270,1273
2026-06-10,1306,1306,1247,1287,130
2026-06-11,1293,1294,1255.5,1278,546
2026-06-12,1245.1,1277.8,1245.1,1277.8,696
2026-06-15,1300,1300,1250,1271.9,95
2026-06-16,1245,1269.8,1245,1269.8,24
2026-06-17,1302,1460,1243,1245,891
2026-06-18,1245,1262,1245,1262,28
2026-06-19,1251,1268.9,1246.2,1250,332
2026-06-22,1274.5,1287.5,1252,1265,342
2026-06-23,1265,1265,1238,1265,777
2026-06-24,1265,1265,1252,1252,151
2026-06-25,1220.1,1243,1220,1243,464
2026-06-26,1270,1270,1226,1226.2,575
2026-06-29,1260,1260,1191.3,1211,760
2026-06-30,1247,1247,1180.4,1218,236
2026-07-01,1190,1249,1190,1227,124
2026-07-02,1200.1,1252,1185.1,1252,705
2026-07-03,1240,1240,1216,1235,526
2026-07-06,1198.1,1234,1198.1,1215,542
2026-07-07,1212,1223,1190,1209,314
2026-07-08,1236,1236,1173.1,1206,150
2026-07-09,1240,1240,1169,1195,592
2026-07-10,1220,1220,1183.5,1199,388
2026-07-13,1163.1,1174.9,1130.5,1174,833
2026-07-14,1195.1,1200,1164,1196,351
2026-07-15,1215.5,1215.5,1179.1,1199,80
2026-07-16,1170,1188,1164.2,1188,207
2026-07-17,1222,1222,1153,1200,1033
2026-07-20,1220,1228.9,1195,1215,647
2026-07-21,1206.1,1251,1206.1,1251,1000
2026-07-22,1273.7,1273.7,1206.1,1251.7,1212
2026-07-23,1221,1246,1221,1246,145
2026-07-24,1220.2,1246,1220,1246,429
2026-07-27,1220,1220,1212.3,1212.3,175
2026-07-28,1212.5,1212.5,1212.5,1212.5,10
2026-07-29,1234.9,1250,1186.1,1243.1,404
2026-07-30,1266.1,1266.1,1222.2,1222.2,201
2026-07-31,1238.9,1238.9,1202,1215,263
2026-08-03,1249,1249,1190.2,1230,844
2026-08-04,1200,1215,1185,1215,273
2026-08-05,1210,1215,1210,1215,309
2026-08-06,1200,1215,1178.6,1183.1,410
2026-08-07,1218,1218,1150,1154,1933
2026-08-10,1188,1188,1140,1174,997
2026-08-11,1205,1205,1132,1133,850
2026-08-12,1115,1160,1115,1152,222
2026-08-13,1184,1184,1148.5,1180,397
2026-08-14,1183.4,1183.4,1125,1158,140
2026-08-17,1175,1175,1145.1,1145.1,497
2026-08-18,1170,1170,1140.1,1156,294
2026-08-19,1160,1170,1160,1170,298
2026-08-20,1150,1165,1150,1165,24
2026-08-21,1180,1180,1127,1159,476
2026-08-24,1125.1,1165,1125.1,1164.9,159
2026-08-25,1130,1148,1100,1148,1227
2026-08-26,1114,1139.9,1113.6,1130,1070
2026-08-27,1110,1146,1100.1,1146,1466
2026-08-31,1131,1131,1095,1114,315
